801236213
537285865
709466751
108537531
50106448
951233102
952232367
767991199
630208807
164997195
895631029
908492102
63710924
788973955
986589688
268734143
990823222
87800539
717899710
286098756
912196870
98350990
760807419
470426504
261105313
792357934
697973932
409427639
819295000
825395128
702716071
984725167
830027789
29561062
707674651
353617286
854431816
632863608
295331623
590675993
63273835
939425029
485324191
691986571
224911637
233525707
501150187
868032421
734013793
549459732
456179721
552099268
845007248
127148525
675778953
175829423
298709737
270432621
187878976
339131778
312583079
931881649
598899184
774825707
982699677
656850881
758187726
308135000
478459741
898143057
223228912
260651591
937564279
400700073
714839399
232483085
990413850
569945049
281791122
747801211
567006899
833847910
458331041
717068568
432683999
532565638
38126836
771791246
768470980
599604313
997366279
995455754
778111897
985418682
59558389
141491835
193323016
814481757
369376848
330992773
306150638
109084527
841998871
288300564
273690197
624050637
694279085
587612140
255376469
41330991
822111607
986835709
508467829
886254994
581321933
43451757
368414759
432560850
164615724
384478078
310784390
343890144
647587358
897220422
968244837
45093382
69862261
848927280
146602152
602338784
417438585
358757126
17104961
747630182
455654419
382222158
165413789
89630887
291974990
460162865
503685197
835266654
930504275
505941146
869814761
651318415
310917180
231139866
805574574
456714771
858240127
726456354
39823498
551631083
459293174
814989882
364637352
529675503
945404782
317059510
734226454
263499435
100401320
770087090
375611094
284984237
81569844
675960760
848376184
479809592
103212706
114941414
460905758
657839405
550369266
124648241
392889263
928654495
31719829
94830645
930634072
296974909
762351691
395096915
576423244
723699091
411879113
190289192
358239161
778913293
530108039
311993690
775723279
326366222
310852744
852133830
999209025
736590454
988764173
419890468
403731280
18549597
483423908
472331003
517103882
249179621
524015267
606852880
440066773
254074626
569365722
303385921
251396152
